495
98.1796 64.0836
5
3.6362 32.5899 93.9442 19.3187 10.4819
30.6978 26.7238
5
82.3863 81.4018 89.1764 43.7000 88.4013
37.2781 30.4820
4
78.2010 0 0 5.9183
64.8722 19.4858
5
13.4300 81.4789 0 12.1767 64.7006
56.5776 44.8112
2
64.4121 69.3379
8.1121 61.1793
1
91.6613
27.6160 42.5425
1
3.7784
64.9001 1.5906
6
40.0988 97.8159 12.2898 50.0913 95.9421 81.0441
40.7533 55.3384
7
85.0612 13.2775 46.1007 37.9018 1.2102 69.3890 72.6642
70.9797 73.6392
7
4.4501 0.9326 88.3831 0 84.3252 22.2505 21.1542
41.2740 30.2438
1
43.5213
52.4558 75.7361
8
49.4528 98.1217 8.3879 89.8215 27.8360 86.4772 1.8326 71.0851
52.8565 44.4235
4
66.6740 39.8265 0 46.0419
37.5835 54.2539
6
56.4430 62.7724 86.9770 68.2301 71.4357 0
85.5988 72.3357
9
74.1683 39.3860 84.3750 45.6970 75.2851 58.9970 31.5654 40.2716 9.9001
96.7146 18.9184
8
5.8954 24.7869 0 75.0441 98.0582 17.5578 51.7300 99.2512
36.1050 51.7401
8
27.0252 46.1510 62.0371 53.3145 52.6317 11.0186 6.5860 79.5909
31.3729 80.5722
3
0 3.3716 47.3870
75.5981 69.9256
1
6.0306
56.0710 19.7975
9
50.2693 96.1391 82.0671 0 34.6988 15.4252 6.0688 39.5939 12.9114
44.9073 43.8587
4
62.0543 23.8769 94.4584 38.0104
50.5294 18.5238
6
68.7930 29.7646 52.5977 0 87.2965 0.9313
47.2995 84.7697
8
22.2114 31.8007 88.9225 28.1244 3.9565 73.5085 98.1148 21.2065
29.3098 57.6634
3
87.4279 52.4380 56.6050
39.7346 45.3470
3
30.1167 73.9274 36.9887
5.7281 18.3982
3
46.5227 89.7642 78.4698
92.4469 4.7417
4
34.0515 3.6529 47.5989 86.3298
14.2450 31.3568
2
88.8931 0
89.7088 79.6998
9
16.6885 0 42.5997 6.9578 68.3258 26.0308 18.3265 74.4261 0
88.7094 78.0790
8
52.8309 50.5533 98.6640 73.0807 99.8543 98.7883 69.4691 2.3264
12.0688 70.1038
1
38.4296
22.8690 85.6606
5
14.1990 93.5734 51.7074 39.2167 52.4428
89.7700 88.7259
8
61.8067 0 14.5872 41.6609 53.1996 96.1252 53.2715 61.7330
76.1404 41.4157
8
55.6147 10.9093 86.2710 97.7398 43.1953 79.5352 87.4253 57.1712
87.1951 55.9291
7
39.9855 72.8433 95.3317 91.8658 2.2552 18.0000 0
88.8962 52.5637
8
38.8347 45.1591 64.4482 9.1792 20.0943 15.9215 6.4502 36.1454
46.4357 6.7785
6
2.1102 74.4122 37.3587 77.1749 96.5899 87.4502
44.0092 68.5733
1
98.2172
73.1513 21.8372
7
41.9315 47.8231 64.3678 85.3662 89.3517 93.3499 0
29.4584 67.7622
9
75.4558 23.7668 57.5503 16.0548 19.9202 24.3408 0 31.7373 68.9918
89.6548 72.7962
7
55.3694 0 44.7211 58.1760 27.3922 86.8198 1.3940
14.6315 17.9761
6
0 89.4945 49.1133 22.6461 21.7779 67.1579
90.7697 44.0382
6
98.0608 0 62.8868 10.4951 76.2275 47.0010
63.0473 32.0965
1
50.0725
21.8347 49.8606
7
48.1659 6.0468 70.5636 25.1955 18.5945 77.6756 67.2944
72.9990 40.1381
5
50.6331 89.2711 98.2450 20.6168 29.9972
70.6893 68.4747
5
79.8038 78.3338 98.8358 13.6754 0
86.6189 32.2698
2
59.8467 37.2935
99.9847 90.7406
9
0 39.6082 40.2297 59.7550 21.9239 55.3444 80.3992 29.8054 20.9989
28.6413 7.6304
1
0
94.2493 66.9441
4
26.7907 95.8374 0 46.1745
77.3933 39.2222
3
79.4519 76.2865 99.6332
6.7308 21.6659
5
56.8142 45.8629 59.8616 12.4872 47.7427
79.4313 58.4717
7
64.9686 32.9975 48.2983 1.4283 26.9222 11.7904 47.2017
11.4236 9.9395
7
97.0694 44.0589 3.4948 96.4257 16.4547 0 74.9265
50.4549 1.6355
5
34.6329 0.8771 3.5295 71.9459 0
46.7484 75.1546
6
85.0941 71.0105 26.1610 25.0959 18.9900 45.6379
35.4447 65.6900
2
16.1449 0
50.2663 68.7237
6
69.6008 55.8971 94.2893 51.3073 71.9183 0
54.5381 72.3974
7
98.5584 61.7975 14.5493 73.8521 0 14.9034 65.1541
57.5901 10.6315
5
62.9991 57.2532 8.0374 59.2030 20.9865
31.1213 68.8240
6
49.3139 2.0770 74.0237 59.4225 4.1433 6.3521
19.0466 69.7816
8
80.4132 11.5466 8.8626 62.3084 20.3424 76.2447 52.6327 16.8535
56.1513 94.3826
8
39.2558 88.5195 60.4462 8.0947 11.7094 38.3045 58.2895 0
99.8928 1.7017
8
64.0101 89.0350 45.6957 38.1542 47.2173 85.1471 52.5339 79.4003
41.0534 23.0812
4
31.1759 45.4256 44.9494 67.3418
88.6378 33.6646
6
2.3572 10.6399 18.5752 21.7561 47.1001 51.0350
32.2473 45.2703
1
24.6707
44.6223 79.7315
4
10.9074 23.7641 16.1115 87.3015
4.7493 91.2005
3
93.5578 56.5780 7.9740
12.9137 6.7060
3
75.6794 92.2610 19.3072
48.9113 45.6204
4
10.1377 39.5501 66.0321 97.4113
23.5680 46.8113
9
3.1563 8.3263 4.6768 0 17.5905 65.2324 75.6618 69.8653 0.2780
18.7766 42.2320
7
52.3697 86.9694 72.5076 31.0809 93.2904 10.8441 81.3403
19.1704 89.0018
8
89.5308 12.4291 81.2119 35.7340 84.7024 0 26.9343 0
17.2730 79.3040
3
12.9735 50.7216 75.2782
44.0120 77.2959
7
58.6362 29.4605 17.7394 48.2610 73.7545 18.2593 80.5501
2.9617 45.5006
4
45.7202 9.2000 71.9194 0
31.6180 22.6409
5
66.6529 93.0186 2.1600 36.5721 16.0507
55.5634 95.0743
7
24.5472 38.8065 67.4403 55.5012 30.0273 6.5364 95.0975
28.7100 14.0606
9
20.9568 38.4617 91.5029 12.2866 0 28.3374 82.5093 12.9564 39.0352
51.7628 12.1538
7
67.6551 66.0971 10.3483 85.9307 62.6003 33.9961 88.0604
72.4578 97.5324
1
9.8191
7.6383 0.5145
2
83.0238 4.2331
90.0803 51.7483
5
58.2239 69.8892 58.1630 72.3841 0
46.6531 11.4423
1
45.4385
52.8601 38.3826
5
17.9459 60.2116 31.4902 16.8610 0
11.0811 21.0941
2
77.0901 21.0533
69.1559 76.7178
6
0 55.4732 0 66.9156 0 12.3540
56.1847 72.7982
6
90.7440 66.7887 92.7163 33.1892 76.2379 11.8247
39.0674 31.3734
5
0.5293 43.2098 32.8114 61.8698 65.5986
65.1944 51.3203
3
24.1185 27.9562 69.4289
94.7449 31.1908
9
64.3800 36.1396 81.2003 50.0367 35.3276 95.2247 78.4142 77.2205 44.9408
42.8191 5.4783
2
0 20.3796
28.9746 54.8135
6
49.5584 60.5487 0 29.9243 49.4763 20.8067
99.5130 10.9782
9
0 34.6718 34.2390 68.7770 54.7114 75.4409 1.1127 4.4576 31.0628
2.8611 5.4846
7
14.9447 93.3342 77.7850 81.3511 15.4369 27.3769 72.1572
55.8700 55.8787
3
35.0585 98.9023 14.2439
0.0149 6.3201
2
37.3828 61.4257
34.8786 84.9725
9
78.3067 40.9723 18.2660 98.2023 0 19.8421 1.5170 11.9582 10.7794
50.7190 25.0663
5
25.0813 83.6645 64.9817 42.4481 90.1996
18.8185 63.0476
1
4.0199
51.2717 73.9994
6
29.7509 69.3161 69.4542 69.6177 55.8163 20.6845
77.0951 85.2996
1
68.9641
26.7882 69.6758
3
69.5361 88.0548 32.8972
43.7882 36.6035
5
58.8936 47.5385 2.9591 96.2850 74.8158
91.9032 3.8123
9
80.9075 58.3535 49.4162 55.2773 54.3780 87.9983 57.3970 86.2211 5.0643
4.0087 52.8941
7
79.7249 56.7454 89.6624 0 93.4747 80.5007 7.1657
38.8543 59.9837
3
15.2609 78.3740 68.1876
20.8068 97.4713
6
91.4718 11.0366 0 62.5838 74.5210 0.1006
64.1833 50.8903
4
77.6039 32.0402 0 92.0238
41.3515 11.3645
1
89.7385
47.3591 89.7284
6
78.8114 0 72.9587 80.6680 0 0
4.7588 80.3343
9
44.5176 72.8729 39.0169 34.2158 8.7558 65.1381 33.5244 9.8588 76.4073
20.4042 25.7138
7
62.0159 66.5870 33.9906 47.4428 68.3033 58.8425 25.1751
61.0181 68.7333
8
92.5198 21.4734 75.4384 44.3368 35.8812 0 0 75.9627
43.6787 23.6110
6
66.2949 68.0463 52.4555 66.0398 66.0660 72.3161
34.7992 37.7772
7
93.0953 84.9770 44.0211 53.8309 50.0578 41.4973 0
3.2110 65.1083
1
31.4033
68.2911 81.5231
3
17.8727 32.0446 2.3957
4.3607 18.7379
3
46.0570 60.9339 1.8018
4.9549 60.3477
5
10.4055 26.3546 18.3760 66.5865 22.8662
34.8776 13.3758
4
31.2485 87.6689 0 92.0296
33.9250 21.7564
7
55.0245 11.0159 29.8290 12.4590 81.7692 41.0409 45.9999
32.5038 84.7817
9
19.6594 23.3771 22.4769 62.9526 84.1485 71.5890 18.9224 60.9294 62.5869
17.7557 73.6256
6
88.3119 57.8386 33.9150 61.8566 81.6911 38.3561
72.9195 40.6036
2
43.1686 0
33.0604 27.3171
2
33.2220 56.2204
94.1514 94.2935
9
67.9191 42.1218 68.4777 85.5838 3.7989 21.0894 64.6669 58.4096 73.0852
53.8060 48.4390
7
75.7561 91.5158 31.7489 3.1295 66.5435 93.9615 57.1584
50.1925 87.7792
5
90.1718 83.2166 46.4078 70.7067 53.1539
43.7918 58.6234
9
45.4898 74.7212 86.3271 84.7418 32.5126 4.4932 70.5867 76.6665 0
18.7704 12.4428
7
95.6594 26.0959 30.5056 96.6967 89.5367 67.7667 75.6388
42.4879 72.0321
5
56.7739 0 8.0592 7.9447 17.5673
84.6112 37.0117
2
85.5494 92.7134
45.3484 42.1216
6
73.0349 50.1514 31.2426 0 6.8814 69.6303
68.8473 9.3640
9
90.8346 76.1855 13.1092 83.3905 30.0904 0 46.1161 81.0188 0
9.4140 56.8728
3
7.0242 73.6095 21.4425
80.4909 85.3483
1
94.7123
17.4770 69.6079
6
45.7934 65.0496 67.7167 69.6365 50.8410 21.3190
31.8597 3.9903
7
65.2630 95.7567 46.7094 10.5498 6.0472 76.5385 19.0997
46.1464 86.3065
9
70.6328 31.4858 51.2603 86.5107 16.8749 33.9610 38.5628 86.1282 18.4502
75.2355 58.3722
8
85.5725 87.4080 45.9560 8.2574 77.5478 0 0 31.6829
41.2448 64.8978
2
66.9991 35.5853
0.9601 70.5453
4
56.6735 42.1038 0 81.2530
17.6944 29.7556
9
91.8666 11.6102 0 89.1580 0 2.7956 48.8080 64.8092 34.6925
14.4892 12.1488
3
86.2969 41.7080 1.4100
73.6170 16.2908
3
46.0464 96.4139 81.5177
8.0241 38.0369
4
38.3579 99.9776 42.5567 35.1710
19.1202 2.3635
7
38.0161 17.5659 76.4027 98.7323 5.9644 41.3312 90.5077
37.7451 89.9237
3
0 58.2111 66.3185
51.9598 42.9288
3
10.5998 0 12.9633
21.5115 44.9057
9
62.4715 32.6089 47.0341 58.1096 0 10.1204 61.7049 90.9626 28.0048
49.1737 50.4252
1
93.3540
31.0035 95.6500
7
9.2867 24.3662 0 0 16.6639 13.1813 63.2323
95.8100 26.9187
3
37.0392 81.4747 1.5614
88.9487 65.0881
1
59.4113
51.8687 32.7278
2
36.6815 56.8055
53.5986 17.6358
1
98.2082
27.6618 37.6933
6
0.9255 23.3896 26.9693 3.1860 97.5121 0
97.3927 62.6002
4
22.0115 69.4943 54.8700 5.6959
11.6755 59.7744
1
81.2695
21.5399 50.3351
1
46.8060
19.8883 40.1289
9
67.0983 15.6615 28.1366 72.9349 75.8916 12.7483 79.1957 38.1130 30.8705
49.7885 45.1459
3
26.4153 22.7969 8.6715
69.6030 65.2664
3
77.7419 0 93.4035
91.4410 98.5596
9
89.2964 74.0773 72.9470 27.2193 38.6444 60.8485 12.2920 10.2056 56.1072
55.5837 96.7057
8
45.5062 98.5920 35.9318 52.8459 5.8079 23.7879 91.2990 68.4590
44.5719 53.0519
2
11.1418 67.0065
23.4338 73.6778
1
29.7849
32.7957 8.1735
6
53.6797 52.2378 56.9357 67.9305 50.0412 15.2151
45.5532 76.4512
5
0 0 93.5312 5.2414 71.2459
28.6752 7.5765
1
37.3614
81.2537 48.3166
9
1.9963 87.1373 0 31.3706 0 81.4118 77.4382 0 18.4859
40.9771 67.6379
8
71.8773 68.4071 46.5021 91.5812 13.3450 34.9618 7.7343 20.0618
94.8717 54.0390
8
39.0503 7.6540 30.5192 55.8287 75.5960 61.5906 95.3439 78.5115
38.4671 25.9196
8
12.5648 2.8831 74.0415 84.4846 5.4891 84.9610 77.5739 39.3853
86.7878 68.5612
8
17.5662 66.0830 59.7047 58.5743 99.8940 92.7112 0 60.5512
32.8253 44.5851
2
29.0697 48.9318
67.5933 13.6570
7
51.6990 31.9550 94.0527 37.8263 40.6544 3.3577 75.5574
41.5739 1.9752
7
0 57.1099 64.7427 0 8.1854 58.1250 98.3581
71.7820 37.7805
2
0 75.4803
43.7411 51.8817
8
95.5348 98.5506 92.7874 40.4664 0 74.7515 0 69.5879
91.4227 92.9642
8
23.7290 56.7255 28.9240 65.6124 0 41.0927 4.2166 77.7136
99.7513 81.8504
6
74.6378 39.1102 84.5315 96.0804 83.4497 68.7649
82.4667 87.1113
3
43.8367 68.5327 80.1934
20.9377 90.6775
1
0
94.8941 12.4304
5
94.2808 93.2893 21.4337 38.3189 46.2613
34.3993 81.7659
7
50.5307 9.0136 51.7863 57.6057 91.1930 0 81.8705
59.0851 58.3404
4
0 71.4102 24.1993 34.7148
45.6331 97.0990
2
43.3603 33.3642
73.0713 29.3354
9
38.3490 0 91.1994 57.3543 22.3243 64.2630 56.9514 52.9248 12.4378
18.7211 34.2885
6
79.9216 26.4697 17.5966 64.8841 63.2381 75.9169
1.5871 75.6986
8
60.2238 75.1789 68.9175 63.9574 80.4695 35.9581 35.6034 0
70.0446 89.0393
9
15.5090 61.8775 46.5723 12.6498 28.4623 71.0499 7.0234 11.7211 13.8217
80.6386 21.6443
4
2.1138 42.4656 30.2648 65.0658
19.3041 62.8805
6
44.5686 84.2248 23.7695 86.4922 11.1115 93.6464
18.1349 88.8157
9
2.6374 21.9816 92.5136 75.0780 19.1165 47.6914 0 10.5719 59.4598
55.1405 64.7530
8
0 40.5591 40.7543 90.3156 69.8055 39.7681 81.7688 92.1243
62.1853 18.2878
6
53.2670 42.6060 19.5186 11.5304 26.7126 77.8005
70.3972 12.9523
9
45.7259 0 36.0415 32.4324 81.2462 96.9417 0 59.1270 10.9192
96.3903 78.5752
6
79.5337 6.2490 78.8215 57.7349 0 70.6872
22.9451 14.3152
8
76.9421 0 9.3745 52.7468 64.5692 6.6492 0 17.5684
20.0865 63.6506
6
43.1843 65.3318 8.4194 91.9833 1.6523 87.9866
15.9675 79.0836
7
31.5383 2.2842 42.2564 63.7351 20.8830 87.0990 7.5179
50.7496 2.2752
8
0 31.9324 0 30.2258 0 31.8781 93.3204 61.9195
11.3295 40.7553
9
43.0394 43.0955 56.3589 78.1562 32.2181 51.3081 18.8828 76.9014 49.8411
5.0836 91.0482
3
96.3821 8.0849 0
59.7907 70.0044
1
63.4622
1.8711 43.5854
2
0.8587 90.0857
79.0149 56.2352
8
7.5433 14.5053 82.1728 75.2932 56.3093 12.5054 67.3052 42.3939
27.0959 90.5946
5
54.0569 0 10.1429 72.0859 80.3494
51.1008 78.8230
2
86.3663 61.2286
11.8184 90.0974
4
77.3538 42.4717 35.4904 10.4494
77.8843 36.8728
9
0 55.1010 0 65.2439 7.8279 37.2204 66.6546 5.6521 47.7981
66.8807 64.8393
8
51.9509 0 94.4225 11.6598 15.5579 0 16.6020 5.5869
71.7029 77.4616
8
34.3326 24.7784 8.0856 11.4265 44.4540 80.6185 97.1201 61.2442
12.3693 50.1582
3
61.8180 33.0357 0.9383
49.6377 62.2165
2
39.6781 58.2874
74.0107 97.0110
1
0
5.0966 74.4989
6
18.9529 99.4529 13.3348 0 25.7042 45.1571
43.1820 85.4180
1
36.7801
5.9616 25.8554
5
47.1960 60.3409 12.6854 88.5492 62.4486
63.0480 15.2393
9
31.4540 10.2472 54.1776 70.4931 44.8947 63.1956 89.8928 55.8795 98.9723
68.3663 62.9441
3
68.4275 86.0592 8.5815
48.5077 20.0246
6
2.0256 10.5265 0.0637 12.0103 42.4817 84.2318
5.6772 6.8230
8
62.7025 4.6252 52.8168 59.7761 92.6046 78.2209 94.3430 25.0068
24.1337 0.2711
2
12.5438 99.3643
24.5542 50.9021
5
35.1339 88.2822 53.1762 99.1312 82.0535
51.9480 0.0736
3
92.6781 51.4132 82.0078
49.6587 18.8710
6
99.1527 62.4736 0 0 30.4002 68.4869
65.5342 29.5353
9
82.7115 73.9239 0 25.8719 0 99.0642 19.3018 27.1288 0.1360
45.9998 7.4511
6
48.2528 0 0 99.5671 70.4309 0
20.5850 99.9662
9
82.6776 69.3016 22.3843 63.7769 94.2376 73.3230 24.1702 0 70.1701
82.0837 94.9167
8
7.4560 18.7554 95.0241 75.0771 89.1524 10.9867 32.4772 95.0205
54.8615 75.4618
4
69.6994 0 14.4143 56.8383
59.2652 50.1791
7
65.5018 61.6379 88.0138 0.4991 43.7381 66.3524 27.0949
38.1825 76.1154
4
30.9769 92.0003 52.5443 22.0652
66.9586 27.8481
2
78.0273 80.4058
43.5290 87.0839
9
75.0977 49.5031 54.4427 18.6502 92.7061 74.1964 90.0355 82.9342 45.0328
35.4785 29.8748
5
0 46.0015 35.7502 9.0668 50.9108
51.1104 28.2832
3
77.7863 16.2577 96.9563
14.3387 36.1037
7
36.1930 93.7083 25.8602 54.6057 5.8392 13.4580 85.7039
49.2083 15.6676
1
66.5784
45.8811 56.7707
1
34.5571
70.8930 23.9539
1
38.2925
14.0583 21.6382
4
65.4626 69.3784 59.2769 47.0579
65.1161 81.0271
4
66.7310 32.6244 38.2117 7.3828
94.9825 91.7896
4
62.6826 7.4941 77.3253 52.1700
4.1528 71.8036
8
41.1820 83.9656 56.0134 46.1932 66.0385 26.2536 74.4259 97.8656
81.8087 59.4478
8
88.9873 35.9204 82.8696 18.0339 17.3985 52.6723 31.0195 26.0527
96.1857 17.6413
4
34.1707 55.3032 39.8357 24.8896
37.7013 11.5377
8
8.4253 79.6943 69.8062 57.5913 97.6036 77.6776 17.0769 11.9038
43.1295 4.8828
3
47.2618 59.4367 24.1401
99.2723 32.2941
9
43.8318 64.3301 0 44.0244 76.4981 54.1942 4.1919 42.0158 0
46.2608 50.7129
2
55.5957 7.6542
2.8575 59.6325
3
83.7726 0 32.8024
3.3368 81.5484
5
33.8055 11.6912 0 18.2795 13.6978
22.4714 13.7865
9
60.0473 43.3107 62.0221 57.0919 98.8599 0 82.6326 0 15.4350
93.8828 89.5672
6
23.3727 73.2409 3.8256 38.3836 13.9917 73.2368
90.9309 12.2174
3
0 41.6854 18.7469
6.5650 72.3290
2
54.9615 84.8860
70.3965 27.3584
9
88.9080 6.4670 0 10.2925 89.9906 67.6610 1.0527 0 80.7160
92.8334 16.0331
9
34.7800 38.6313 5.8336 11.1853 63.9894 65.1728 27.4518 22.4573 14.6056
32.7499 43.2699
5
10.9309 61.6185 1.1349 62.3561 64.7357
28.6585 51.9480
1
29.6577
99.5357 60.8827
5
0 79.3868 40.8624 18.4266 96.4392
33.0323 96.0696
4
56.6353 84.3853 20.1626 60.5882
82.5187 2.6882
2
0 19.0260
78.4669 84.2939
2
25.1370 64.2216
4.5237 64.2448
1
82.6715
68.4036 7.8014
1
47.5105
53.3322 21.1085
3
39.3622 23.2378 0.8317
25.9261 25.2743
4
44.3002 64.8563 29.8253 71.6787
94.0468 94.5169
4
5.8792 67.5344 34.2988 61.1911
87.6310 53.1161
1
0
92.4784 77.6545
5
78.4862 17.7030 55.0748 80.9707 24.8651
10.7959 9.9243
1
4.4413
32.4674 3.9735
4
71.5080 85.3612 85.1921 56.6317
44.5336 98.3409
5
46.9273 0.6743 0 91.1693 21.2451
72.1400 96.4458
4
6.3701 0 10.8113 91.7523
21.1317 26.1839
4
11.5452 30.3249 23.4075 82.8783
72.5175 97.0466
6
97.7210 73.2981 27.7601 0 24.2059 43.9662
30.5759 83.3075
8
58.4289 62.5190 86.7574 96.1580 0 80.6954 12.8351 49.4582
9.8817 93.3794
5
44.6248 96.4929 31.3558 96.5908 1.4894
27.1667 55.3166
1
13.7455
56.7316 31.0729
5
38.7246 97.0222 75.2118 89.5363 23.4211
99.4179 32.1649
2
76.7897 3.5134
49.1745 55.1039
4
27.1130 72.9320 95.7605 96.1751
52.4920 72.5587
5
11.2833 93.0032 64.2616 77.5208 90.3871
76.9387 35.2119
1
0
12.0016 1.0708
5
56.1747 6.9414 11.0354 65.7173 21.3593
61.8924 59.2879
1
55.2689
5.2013 45.4757
4
9.7373 0 12.7844 47.6453
47.9963 82.9479
5
84.0187 21.1741 67.5865 23.4811 7.9889
89.1984 85.4177
6
44.7056 7.5168 28.4675 48.2465 62.7298 92.3599
75.5142 69.1099
9
52.0578 83.5085 90.6869 76.2698 32.7981 36.8952 0 22.3129 40.0402
67.0185 93.4013
7
21.8688 15.2395 63.2792 35.8821 47.8340 0 99.8917
47.4970 45.8125
3
50.4951 96.4572 11.9890
33.3524 24.0801
5
94.2153 22.6838 88.5354 0 89.0848
4.9163 53.0076
4
88.8897 31.4743 53.4614 12.2740
99.2739 67.3342
3
79.5722 33.0621 80.2675
57.1422 92.4995
2
33.4779 38.9742
22.0133 48.2935
8
53.2097 63.4622 90.3569 68.3244 8.0811 67.4078 67.0246 57.1240
46.5968 64.7808
1
45.0483
47.3283 30.6574
1
64.1353
39.5978 37.6600
7
86.1196 41.1010 60.7089 77.9437 46.2754 23.4096 0.4854
30.7646 12.9904
8
59.5871 78.0747 28.1801 28.4025 24.0888 48.7590 78.6865 47.8684
75.9332 77.7512
2
55.7023 51.9707
1.9777 46.4765
1
46.9619
6.1449 60.9338
7
20.5210 72.1081 76.6249 46.6686 21.5999 0 83.3487
17.8928 71.1954
2
48.9466 30.4682
4.6489 80.0713
3
26.5479 54.5701 63.9641
15.5040 38.8227
3
87.2676 54.2910 27.6167
0.9596 49.6786
3
84.2238 58.0588 63.7825
51.8849 4.3658
1
9.0148
10.5262 64.7919
7
22.6111 10.5838 85.7155 44.5727 36.6742 76.0315 2.2950
76.9911 50.2453
2
34.4690 75.2159
89.8882 47.8594
3
78.3143 3.2688 74.2457
18.9102 25.9146
3
36.4984 74.8372 28.0047
96.5777 22.5792
2
23.1458 49.6003
73.3911 56.4897
9
40.5666 97.7484 69.0740 66.7403 95.2712 52.7735 81.4954 3.3030 33.0624
78.1403 3.8988
3
26.4780 0 49.6238
68.7281 96.9274
6
63.6848 65.7844 28.6234 0 20.6257 53.2598
15.8969 76.5315
3
58.0269 33.3813 88.7260
11.5215 79.9196
6
6.3975 33.5666 82.2713 79.0362 94.1788 73.2735
99.8368 38.5345
5
59.1603 27.8285 24.9662 5.1354 89.5254
38.5167 59.0138
6
38.9334 36.2777 41.5876 1.3522 0.3383 31.3480
94.5171 90.2996
1
28.8341
32.1053 68.9227
1
96.7512
63.0515 5.5061
4
88.4992 6.7037 98.3899 0
86.4464 26.4344
1
68.0220
62.8640 33.1295
6
0 23.2289 3.8175 52.0734 59.9557 20.6459
40.4957 17.7472
1
48.3602
51.8844 34.5010
8
0 66.8885 68.4604 8.3498 61.3449 33.3672 34.4162 76.4548
92.1357 50.7026
3
83.3541 65.2050 4.7566
82.9523 87.6975
6
39.5820 99.8111 67.2734 13.5002 60.0226 35.9714
21.3675 93.0638
6
27.4800 51.0480 0 55.3532 50.2804 0
29.0297 54.2805
8
41.9780 43.2945 0 43.1056 27.6618 93.2302 69.8278 99.3670
91.1953 8.1439
1
35.6239
84.9293 16.8366
7
72.1898 2.1360 48.0941 16.1746 0 91.3037 79.9545
51.6921 46.4761
4
0 52.9147 26.1092 42.1164
17.3045 76.1388
2
11.7628 99.9298
67.0024 47.6069
9
49.7429 34.1608 0 94.2369 71.4018 84.5084 44.0835 2.4479 97.1077
45.1974 26.4742
8
43.7787 0 26.8718 0 0 20.0067 98.9212 91.2367
62.8447 40.2342
6
34.4711 14.3447 86.4585 76.1621 39.8865 0
27.7592 85.0839
9
72.3976 34.1032 73.6518 64.4204 7.1141 99.3746 97.1510 53.4217 5.1621
87.8928 96.4972
8
82.9557 96.1334 96.8319 41.3663 75.6616 54.3134 68.3312 96.0933
55.4387 89.2671
9
95.1813 75.7403 58.1405 86.8795 17.0548 82.8093 66.3324 0 79.9395
36.5865 5.8200
4
81.4817 72.8156 23.8651 0.0165
79.3038 86.9295
6
82.1108 17.5968 50.6250 0 13.9276 44.6993
96.7369 0.8398
4
33.9995 73.0780 12.2770 21.3012
67.8109 64.3959
2
62.0583 70.9798
48.9877 21.8041
7
14.2886 5.5417 77.1920 78.8412 11.5636 41.8454 12.0696
75.8449 13.5664
9
25.8434 36.9655 0 62.1899 3.1821 56.3099 0 69.1463 23.5236
99.5794 88.8100
9
55.6743 17.7769 42.8564 89.8331 35.4673 40.0736 29.2429 0 22.8971
57.9253 50.2871
5
37.7180 13.2772 33.6835 70.4765 85.3556
58.9137 10.0342
8
27.8112 69.0486 98.1009 22.9008 64.0481 30.7433 62.1297 38.7749
12.4169 61.8677
9
26.4049 97.0877 0 67.5642 95.0607 3.3855 52.6701 44.3584 18.6302
42.4593 45.6932
8
9.7414 0 90.5910 28.3433 90.1101 29.2483 0 42.4078
37.3327 76.7043
9
70.0556 31.3749 83.2641 4.6377 5.7636 70.0817 64.7990 61.1982 88.7443
51.7892 58.0558
5
48.1660 10.4034 23.9143 25.7436 4.9241
30.6405 70.6742
5
0 35.3617 48.7530 51.8240 33.0659
3.2808 36.8199
7
17.1825 16.2682 0 97.4233 60.2376 11.8152 60.6379
37.5588 84.7705
9
55.4447 30.2146 53.0213 48.3129 0 20.3338 31.3797 96.1786 0
74.3363 32.0302
1
84.9692
9.5503 72.9789
5
84.7941 78.0149 14.1293 90.5522 61.2365
20.7668 69.1339
9
17.4467 25.1406 79.3347 94.9343 52.3790 7.5435 18.8452 74.0562 0
37.7195 91.4332
3
69.4481 81.2075 89.5234
50.7815 74.2616
5
88.5194 37.3620 32.4724 98.1174 70.0769
73.6308 41.3718
2
5.8777 73.6870
79.9339 50.0169
8
26.6352 0 25.6064 53.8403 10.4738 0 30.3891 0
32.7517 67.7511
4
42.8937 54.2169 7.1521 52.3182
88.3264 1.4664
2
81.4003 73.4199
52.7674 87.1631
3
12.7695 0 27.8993
22.0708 75.5247
6
92.1459 20.2109 0 63.1047 5.5120 68.2234
1.1007 28.3935
6
38.9045 83.9674 91.9830 86.5955 0 99.3650
55.4847 77.7403
9
53.2650 30.0153 66.6543 72.9608 13.3309 23.4615 2.2554 0 58.8051
27.1293 56.7042
4
56.1366 47.8315 13.2391 42.0971
68.7238 55.8892
2
9.1543 76.2946
54.5652 16.5991
9
34.5485 61.5581 0 63.8134 0 22.6186 3.7619 20.7981 69.3382
68.6296 2.6306
3
44.7277 2.6677 97.5803
11.8220 64.0339
5
80.6330 93.9132 40.2475 73.1915 19.2847
55.7637 16.5631
6
20.3249 86.2632 11.2284 82.8541 1.6712 45.1067
4.3389 41.6709
4
5.7048 0 86.3378 76.4613
1.5193 57.2053
2
26.7107 30.4744
43.2737 93.1207
2
35.0108 43.8221
46.2392 37.0954
6
38.7666 85.1516 95.9289 59.2665 44.4006 87.9715
61.3584 18.2759
7
50.2086 45.2743 94.6759 94.5465 52.1467 72.8180 75.7966
9.9134 22.6450
8
76.9030 91.7857 28.8317 74.4656 92.8668 34.5907 51.9278 61.3513
16.1292 98.4287
6
86.9767 1.4204 86.8810 35.0922 84.1519 78.5191
32.8319 34.6402
4
7.4721 75.6698 0 68.5365
44.3747 16.1668
4
69.3212 12.4317 3.8076 54.7265
61.1313 24.6572
8
98.8957 10.6900 86.6794 15.8795 68.7212 28.7916 0 10.7293
58.6412 84.7034
1
64.3826
51.4064 44.1292
8
11.8790 87.0749 70.3521 60.4555 10.6278 29.0544 76.0771 9.5548
97.3966 86.9847
5
64.0498 36.9175 50.9221 0 15.3047
43.4279 41.6282
7
53.5072 94.3409 0.2906 80.5683 16.7009 47.7094 46.0431
65.9729 19.9310
9
69.9829 17.0074 0 39.6985 0 37.1975 41.9948 23.1462 32.3329
53.0848 43.6018
9
49.6748 72.0304 2.9800 76.7520 85.7127 0 38.6703 62.0908 2.8675
68.6363 95.3762
1
32.5737
92.4197 9.1980
8
58.4588 68.6508 96.1780 51.7354 94.0565 32.1720 94.8631 99.5090
91.5461 73.6580
4
0 93.8571 4.3852 51.0708
71.5884 21.8070
1
33.2064
59.0565 39.2453
7
41.3059 49.7333 0 0 11.1524 57.5862 15.6760
57.0952 97.5616
2
55.7736 89.1317
16.8531 29.4680
3
1.0565 11.4144 33.3785
70.4708 21.0881
8
62.3940 47.9114 85.7428 66.5877 49.2875 35.8996 70.1648 1.6573
25.9384 50.3165
6
79.7846 10.7153 69.3260 62.6839 92.6005 13.0217
90.7786 46.1661
7
1.6013 30.3912 2.4221 40.7922 86.0614 63.5554 36.8954
13.8720 78.5076
7
47.6616 74.4976 12.5318 19.6920 20.9535 95.9109 29.1694
34.6009 68.7209
9
36.9099 44.6708 52.1118 88.6591 18.4509 29.5392 5.2413 44.6201 97.6933
61.6077 8.1752
4
13.3076 14.0134 22.9479 43.8194
91.6688 54.5506
2
68.3406 6.2808
20.4523 84.2144
6
2.6652 65.6587 25.7357 44.2438 86.5477 29.5543
21.4225 87.1512
2
1.1646 0.1987
44.3474 95.8997
6
4.7112 67.2385 26.7271 42.4077 23.8104 42.1615
89.4691 44.6967
5
88.9406 64.8712 18.8305 81.9433 63.5444
83.1079 13.7727
6
9.6724 26.3533 76.0569 72.5769 81.2827 24.4511
5.0931 60.0576
8
4.7544 72.8857 23.7859 88.4870 0 70.4303 87.5950 18.0815
51.3381 80.9936
3
7.3469 83.0057 0
14.7144 85.7897
9
10.2408 89.7567 81.8768 11.3631 88.2060 0 76.6930 0 47.1233
82.0741 4.1650
5
0 81.6551 62.4519 70.0469 89.9406
84.7613 31.2473
7
41.4881 4.2171 41.3534 29.7045 86.9342 88.6353 42.6188
5.2052 10.7504
9
11.4119 64.8733 52.7578 82.0690 72.7828 7.5660 44.1717 45.5182 0
26.2434 63.8596
2
93.5641 0
11.9058 58.4176
6
0 34.9580 25.7293 97.6952 9.2016 3.3354
36.5268 72.8312
8
44.8408 13.3396 55.7324 92.6607 22.7174 6.9474 78.7799 74.6991
8.5327 94.3861
8
80.6694 0 78.3646 97.0205 55.3778 41.9581 42.8568 15.2240
56.1964 75.8113
7
68.4720 37.7715 59.8796 84.9142 0 93.4469 4.4876
36.9376 53.7883
6
32.1529 21.7772 13.3725 43.2379 98.1813 10.1144
54.3777 5.8480
6
74.3200 7.2034 93.8826 65.3686 90.0086 45.7343
94.4961 95.7532
7
20.5098 58.4431 32.9553 97.6114 66.7060 6.2299 50.1704
12.0778 57.8912
3
91.8942 66.8522 88.0622
32.2208 58.3923
1
0
4.1266 72.5669
4
0 7.2992 31.4584 68.2800
3.2740 47.1975
9
42.9902 46.8003 62.7809 0 49.1787 0 16.0309 27.6308 40.7548
5.7016 39.2881
7
26.0775 51.2838 0 82.7422 52.1354 0 96.6086
55.9961 73.1507
7
66.3113 7.4879 59.2712 18.6428 86.4361 0 0
27.1908 51.9751
4
30.2436 20.6029 22.2962 64.2697
5.2592 56.5936
3
53.2021 8.5703 9.0783
74.8816 10.6062
7
69.8775 72.5985 7.0758 68.7335 70.8473 6.3389 0
20.4948 26.9418
2
31.3999 48.0502
87.9935 97.1738
5
3.4558 41.7094 66.9218 29.1003 22.1931
49.7401 93.4761
1
12.3482
36.1061 91.0826
9
97.4215 88.1763 66.9047 55.7632 79.0176 0 62.4874 14.4223 26.6617
26.9564 21.4494
5
42.3270 5.7968 68.5431 48.1514 53.6952
31.3469 72.3308
9
60.5071 82.5380 0 96.3307 0 7.2972 59.9521 87.5070 48.6758
8.9565 65.5911
7
66.7616 0 35.3047 35.2380 26.8371 12.2848 82.2182
72.7919 53.4337
8
84.6768 34.7583 68.3841 19.6286 55.2448 38.7794 71.8336 15.4847
38.5951 54.0411
4
0 37.8093 54.0201 26.1387
31.9739 86.6124
5
51.3686 70.0845 97.9552 80.8396 49.3897
70.9431 20.9377
3
85.1389 53.2343 66.0608
7.2754 3.1949
3
41.0042 88.4785 79.9532
20.4525 32.0108
6
83.3794 75.9446 40.0359 76.6745 55.0953 26.6665
10.7274 57.3401
4
10.5744 4.2538 15.6240 52.3082
56.6283 98.0290
3
77.9822 34.0376 67.0993
17.4170 98.9466
6
38.9824 89.9264 3.8449 0 14.5722 83.1832
52.7653 5.4586
6
23.3085 1.2335 0 99.2625 69.8914 77.6427
3.9290 34.1107
2
33.0573 34.5978
72.0397 36.5355
2
0 62.0683
88.1287 54.9526
7
7.7179 66.9243 85.7195 65.9704 46.0254 0 15.9168
42.4776 55.3824
7
0.1244 9.6456 75.7895 24.4458 98.4362 62.3820 19.7788
19.3344 57.8769
7
24.8012 67.4651 58.2040 48.9874 6.5410 65.9146 84.7499
42.5029 62.0478
3
49.9581 0 74.4039
2.0448 32.2699
2
18.8349 83.7612
76.7118 86.5055
1
78.7391
32.9718 4.4750
4
0 60.3800 18.3665 30.2376
3.1164 68.7975
4
20.9460 30.7890 16.6473 0
87.0496 55.8774
3
0 81.0219 0
1.3917 46.5286
9
79.5004 17.0739 0 77.4540 60.4132 0 63.5296 32.1107 93.4921
74.3542 23.3766
9
56.2104 46.8789 41.2059 34.4929 0 81.0216 43.2877 96.4958 1.7955
38.5425 37.8156
9
41.5641 62.4853 83.3193 7.6023 78.4495 48.6749 91.1955 88.1310 57.3190
22.6239 56.2035
3
0 63.7636 60.6109
24.1252 65.9630
7
77.3463 0 28.5549 17.6151 15.6673 69.5476 81.0916
18.2225 28.7766
6
16.9076 71.0954 60.8919 43.1770 55.3348 85.6178
79.4600 73.3075
9
50.6537 44.9056 43.4748 91.0827 87.7382 53.2588 78.8528 41.1167 0
98.9430 45.8052
3
6.6971 0 0
31.7040 10.6305
1
90.0905
62.3034 2.0931
9
84.9735 92.1657 38.9175 87.5903 43.8787 95.4854 22.8845 15.3606 82.4073
79.0851 60.3020
2
0 0
20.8084 45.0113
2
35.1019 40.2234
66.5931 6.2101
4
98.3758 81.9074 41.2355 25.5029
82.0846 4.0485
1
40.6506
63.5950 26.7967
9
87.0987 77.0609 32.9706 0 71.1009 53.2547 23.7672 36.5212 57.8406
90.1664 48.6646
9
57.2276 13.4865 13.2022 1.9267 45.2524 19.4773 0 96.5383 70.1174
18.6105 21.4051
2
0 52.5426
99.5519 34.1247
3
91.9653 14.9736 10.6321
72.2012 96.3979
6
9.6000 35.4040 87.8267 5.8745 97.5354 81.5812
67.6529 21.0233
5
96.8080 61.4139 0 50.4777 3.7361
29.7079 77.6426
6
49.8438 64.4587 41.1641 18.7252 94.8598 33.4359
15.0376 76.6493
1
44.3021
56.8720 99.6052
9
77.2513 50.0400 65.0649 0 94.7729 27.9245 40.1953 99.5716 0.6528
6.6047 42.2417
3
21.3555 16.5022 97.4987
13.1210 42.3069
4
95.4802 89.9775 58.0908 75.1323
